       6371.0000000000          2.3087215424         -1.1065388918
       6371.0000000000          2.3087215424         -1.1065388918
       6371.0000000000          2.3087215424         -1.1065388918
       6371.3486328125          2.3088085651         -1.1057018042
       6371.3510742188          2.3088083267         -1.1057016850
       6371.7021484375          2.3088948727         -1.1048645973
       6371.0000000000          2.3087215424         -1.1065388918
       6371.7021484375          2.3088948727         -1.1048645973
       6371.7021484375          2.3088948727         -1.1048645973
       6373.8686523438          2.3094065189         -1.0998406410
       6376.8964843750          2.3100683689         -1.0931403637
       6380.0834960938          2.3107073307         -1.0864386559
       6383.4291992188          2.3113231659         -1.0797361135
       6386.9335937500          2.3119161129         -1.0730333328
       6390.5961914062          2.3124859333         -1.0663309097
       6394.4169921875          2.3130328655         -1.0596295595
       6398.3955078125          2.3135566711         -1.0529297590
       6402.5317382812          2.3140575886         -1.0462321043
       6406.8247070312          2.3145353794         -1.0395373106
       6411.2749023438          2.3149902821         -1.0328458548
       6415.8813476562          2.3154222965         -1.0261584520
       6420.6440429688          2.3158314228         -1.0194755793
       6425.5625000000          2.3162176609         -1.0127979517
       6430.6367187500          2.3165810108         -1.0061260462
       6435.8657226562          2.3169217110         -0.9994604588
       6441.2495117188          2.3172397614         -0.9928018451
       6446.7875976562          2.3175351620         -0.9861507416
       6452.4799804688          2.3178081512         -0.9795076847
       6458.3110351562          2.3180587292         -0.9728733301
       6464.2597656250          2.3182868958         -0.9662479162
       6470.2998046875          2.3184928894         -0.9596319199
       6476.4780273438          2.3186767101         -0.9530259967
       6482.8071289062          2.3188383579         -0.9464307427
       6489.3066406250          2.3189780712         -0.9398466349
       6495.9926757812          2.3190960884         -0.9332743287
       6502.8491210938          2.3191921711         -0.9267144203
       6509.8618164062          2.3192667961         -0.9201674461
       6517.0224609375          2.3193199635         -0.9136339426
       6524.3232421875          2.3193516731         -0.9071143866
       6531.7558593750          2.3193621635         -0.9006093144
       6539.3115234375          2.3193516731         -0.8941191435
       6546.9907226562          2.3193202019         -0.8876443505
       6554.8041992188          2.3192679882         -0.8811853528
       6562.7495117188          2.3191952705         -0.8747425675
       6570.8222656250          2.3191020489         -0.8683165312
       6579.0170898438          2.3189885616         -0.8619076014
       6587.3256835938          2.3188550472         -0.8555163145
       6595.7348632812          2.3187015057         -0.8491430283
       6604.2163085938          2.3185281754         -0.8427880406
       6612.6303710938          2.3183352947         -0.8364521861
       6620.4633789062          2.3181231022         -0.8301356435
       6627.1386718750          2.3178915977         -0.8238379955
       6632.0825195312          2.3176407814         -0.8175570369
       6634.8627929688          2.3173708916         -0.8112910390
       6635.2500000000          2.3170819283         -0.8050364256
       6633.2021484375          2.3167736530         -0.7987881303
       6628.8520507812          2.3164458275         -0.7925419807
       6622.5239257812          2.3160982132         -0.7862937450
       6614.7211914062          2.3157305717         -0.7800392509
       6606.0244140625          2.3153424263         -0.7737755179
       6596.9990234375          2.3149337769         -0.7675005794
       6587.9897460938          2.3145043850         -0.7612137794
       6579.0576171875          2.3140540123         -0.7549151778
