 ZENON SAAVEDRA 2016
 RAY TRACING 3D     

 INITIAL VALUES FOR THE W ARRAY -- ALL ANGLES IN RADIANS, ONLY NONZERO VALUES PRINTED

   1    0.1000000000E+01

   2    0.6371000000E+04

   4    0.7311271429E+00

   5    0.2180649340E+00

   7    0.3000000000E+01

  15    0.1745329052E-01

  22    0.1000000000E+01

  23    0.1000000000E+04

  24    0.1570796371E+01

  41    0.2000000000E+01

  42    0.9999999975E-06

  43    0.5000000000E+02

  44    0.3000000000E+01

  45    0.1000000000E+03

  46    0.9999999939E-08

  47    0.5000000000E+00

  57    0.1000000000E+01

  58    0.1000000000E+01

  59    0.1000000000E+01

  60    0.1000000000E+01

  71    0.5000000000E+01

  72    0.1000000000E+01

 100    0.1000000000E+01

 101    0.6500000000E+01

 102    0.3000000000E+03

 103    0.6200000000E+02

 104    0.5000000000E+00

 109    0.1000000000E+06

 110    0.3000000000E+03

 111    0.8000000000E+02

 201    0.8000000119E+00

