       6371.0000000000          0.8396692276          1.3962633610
       6371.0000000000          0.8396692276          1.3962633610
       6371.0000000000          0.8396692276          1.3962633610
       6371.2500000000          0.8388854265          1.3962633610
       6371.2539062500          0.8388854861          1.3962633610
       6371.5083007812          0.8381016850          1.3962633610
       6371.0000000000          0.8396692276          1.3962633610
       6371.5083007812          0.8381016850          1.3962633610
       6371.7661132812          0.8373180032          1.3962633610
       6371.7705078125          0.8373180628          1.3962633610
       6371.5083007812          0.8381016850          1.3962633610
       6373.1269531250          0.8334007263          1.3962633610
       6375.5043945312          0.8271366358          1.3962633610
       6378.1318359375          0.8208774328          1.3962633610
       6381.0087890625          0.8146236539          1.3962633610
       6384.1352539062          0.8083757758          1.3962633610
       6387.5102539062          0.8021342158          1.3962633610
       6391.1342773438          0.7958995104          1.3962633610
       6395.0063476562          0.7896721363          1.3962633610
       6399.1259765625          0.7834525704          1.3962633610
       6403.4926757812          0.7772412896          1.3962633610
       6408.1059570312          0.7710387111          1.3962633610
       6412.9658203125          0.7648453116          1.3962633610
       6418.0712890625          0.7586615086          1.3962633610
       6423.4213867188          0.7524877787          1.3962633610
       6429.0161132812          0.7463245988          1.3962633610
       6434.8510742188          0.7401723862          1.3962633610
       6440.9125976562          0.7340314984          1.3962633610
       6447.1840820312          0.7279023528          1.3962633610
       6453.6879882812          0.7217853665          1.3962633610
       6460.2421875000          0.7156807780          1.3962633610
       6464.9418945312          0.7095866799          1.3962633610
       6463.5537109375          0.7034955025          1.3962633610
       6457.6865234375          0.6973966956          1.3962633610
       6451.1328125000          0.6912857890          1.3962633610
       6444.7807617188          0.6851626039          1.3962633610
       6438.6484375000          0.6790275574          1.3962633610
       6432.7314453125          0.6728810668          1.3962633610
       6427.0444335938          0.6667234898          1.3962633610
       6421.6005859375          0.6605551243          1.3962633610
       6416.4013671875          0.6543765068          1.3962633610
       6411.4472656250          0.6481880546          1.3962633610
       6406.7392578125          0.6419903040          1.3962633610
       6402.2778320312          0.6357836723          1.3962633610
       6398.0634765625          0.6295686364          1.3962633610
       6394.0961914062          0.6233456135          1.3962633610
       6390.3769531250          0.6171151400          1.3962633610
       6386.9062500000          0.6108776331          1.3962633610
       6383.6840820312          0.6046335697          1.3962633610
       6380.7109375000          0.5983834863          1.3962633610
       6377.9873046875          0.5921278000          1.3962633610
       6375.5136718750          0.5858669877          1.3962633610
       6373.2900390625          0.5796015859          1.3962633610
       6371.7866210938          0.5748998523          1.3962633610
       6371.7866210938          0.5748997927          1.3962633610
       6371.3168945312          0.5733320713          1.3962633610
       6371.3168945312          0.5733320713          1.3962633610
       6371.3168945312          0.5733320713          1.3962633610
       6371.3168945312          0.5733320713          1.3962633610
       6371.0859375000          0.5725481510          1.3962633610
       6371.0898437500          0.5725480914          1.3962633610
       6370.8627929688          0.5717641115          1.3962633610
       6371.3168945312          0.5733320713          1.3962633610
       6370.8627929688          0.5717641115          1.3962633610
       6370.6396484375          0.5709800720          1.3962633610
       6370.6435546875          0.5709800124          1.3962633610
       6370.4243164062          0.5701959133          1.3962633610
       6370.8627929688          0.5717641115          1.3962633610
       6370.4243164062          0.5701959133          1.3962633610
       6370.2089843750          0.5694117546          1.3962633610
       6370.2128906250          0.5694116950          1.3962633610
       6370.0014648438          0.5686275363          1.3962633610
       6370.4243164062          0.5701959133          1.3962633610
       6370.0014648438          0.5686275363          1.3962633610
       6369.5942382812          0.5670589209          1.3962633610
       6369.5942382812          0.5670589209          1.3962633610
       6369.5942382812          0.5670589209          1.3962633610
       6369.5942382812          0.5670589209          1.3962633610
       6370.2973632812          0.5698201060          1.3962633610
       6370.3457031250          0.5698195100          1.3962633610
       6371.0971679688          0.5725800395          1.3962633610
       6369.5942382812          0.5670589209          1.3962633610
       6371.0971679688          0.5725800395          1.3962633610
       6371.0971679688          0.5725800395          1.3962633610
       6371.0488281250          0.5724124312          1.3962633610
       6371.0488281250          0.5724124312          1.3962633610
       6371.0004882812          0.5722448230          1.3962633610
       6371.0971679688          0.5725800395          1.3962633610
       6371.0004882812          0.5722448230          1.3962633610
       6371.0004882812          0.5722448230          1.3962633610
       6371.0004882812          0.5722439885          1.3962633610
       6371.0004882812          0.5722439885          1.3962633610
       6371.0000000000          0.5722431540          1.3962633610
       6371.0004882812          0.5722448230          1.3962633610
       6371.0000000000          0.5722431540          1.3962633610
          5.7604684830       1726.9453125000       1726.9453125000
